TIMESTEP 1.0
STEPS 4489
RELATIVE 1
REPEAT 1
       0       0
       3       0
       6       0
       9       0
      12       0
      15       0
      18       0
      21       0
      24       0
      27       0
      30       0
      33       0
      36       0
      39       0
      42       0
      45       0
      48       0
      51       0
      54       0
      57       0
      60       0
      63       0
      66       0
      69       0
      72       0
      75       0
      78       0
      81       0
      84       0
      87       0
      90       0
      93       0
      96       0
      99       0
     102       0
     105       0
     108       0
     111       0
     114       0
     117       0
     120       0
     123       0
     126       0
     129       0
     132       0
     135       0
     138       0
     141       0
     144       0
     147       0
     150       0
     153       0
     156       0
     159       0
     162       0
     165       0
     168       0
     171       0
     174       0
     177       0
     180       0
     183       0
     186       0
     189       0
     192       0
     195       0
     198       0
     198       3
     195       3
     192       3
     189       3
     186       3
     183       3
     180       3
     177       3
     174       3
     171       3
     168       3
     165       3
     162       3
     159       3
     156       3
     153       3
     150       3
     147       3
     144       3
     141       3
     138       3
     135       3
     132       3
     129       3
     126       3
     123       3
     120       3
     117       3
     114       3
     111       3
     108       3
     105       3
     102       3
      99       3
      96       3
      93       3
      90       3
      87       3
      84       3
      81       3
      78       3
      75       3
      72       3
      69       3
      66       3
      63       3
      60       3
      57       3
      54       3
      51       3
      48       3
      45       3
      42       3
      39       3
      36       3
      33       3
      30       3
      27       3
      24       3
      21       3
      18       3
      15       3
      12       3
       9       3
       6       3
       3       3
       0       3
       0       6
       3       6
       6       6
       9       6
      12       6
      15       6
      18       6
      21       6
      24       6
      27       6
      30       6
      33       6
      36       6
      39       6
      42       6
      45       6
      48       6
      51       6
      54       6
      57       6
      60       6
      63       6
      66       6
      69       6
      72       6
      75       6
      78       6
      81       6
      84       6
      87       6
      90       6
      93       6
      96       6
      99       6
     102       6
     105       6
     108       6
     111       6
     114       6
     117       6
     120       6
     123       6
     126       6
     129       6
     132       6
     135       6
     138       6
     141       6
     144       6
     147       6
     150       6
     153       6
     156       6
     159       6
     162       6
     165       6
     168       6
     171       6
     174       6
     177       6
     180       6
     183       6
     186       6
     189       6
     192       6
     195       6
     198       6
     198       9
     195       9
     192       9
     189       9
     186       9
     183       9
     180       9
     177       9
     174       9
     171       9
     168       9
     165       9
     162       9
     159       9
     156       9
     153       9
     150       9
     147       9
     144       9
     141       9
     138       9
     135       9
     132       9
     129       9
     126       9
     123       9
     120       9
     117       9
     114       9
     111       9
     108       9
     105       9
     102       9
      99       9
      96       9
      93       9
      90       9
      87       9
      84       9
      81       9
      78       9
      75       9
      72       9
      69       9
      66       9
      63       9
      60       9
      57       9
      54       9
      51       9
      48       9
      45       9
      42       9
      39       9
      36       9
      33       9
      30       9
      27       9
      24       9
      21       9
      18       9
      15       9
      12       9
       9       9
       6       9
       3       9
       0       9
       0      12
       3      12
       6      12
       9      12
      12      12
      15      12
      18      12
      21      12
      24      12
      27      12
      30      12
      33      12
      36      12
      39      12
      42      12
      45      12
      48      12
      51      12
      54      12
      57      12
      60      12
      63      12
      66      12
      69      12
      72      12
      75      12
      78      12
      81      12
      84      12
      87      12
      90      12
      93      12
      96      12
      99      12
     102      12
     105      12
     108      12
     111      12
     114      12
     117      12
     120      12
     123      12
     126      12
     129      12
     132      12
     135      12
     138      12
     141      12
     144      12
     147      12
     150      12
     153      12
     156      12
     159      12
     162      12
     165      12
     168      12
     171      12
     174      12
     177      12
     180      12
     183      12
     186      12
     189      12
     192      12
     195      12
     198      12
     198      15
     195      15
     192      15
     189      15
     186      15
     183      15
     180      15
     177      15
     174      15
     171      15
     168      15
     165      15
     162      15
     159      15
     156      15
     153      15
     150      15
     147      15
     144      15
     141      15
     138      15
     135      15
     132      15
     129      15
     126      15
     123      15
     120      15
     117      15
     114      15
     111      15
     108      15
     105      15
     102      15
      99      15
      96      15
      93      15
      90      15
      87      15
      84      15
      81      15
      78      15
      75      15
      72      15
      69      15
      66      15
      63      15
      60      15
      57      15
      54      15
      51      15
      48      15
      45      15
      42      15
      39      15
      36      15
      33      15
      30      15
      27      15
      24      15
      21      15
      18      15
      15      15
      12      15
       9      15
       6      15
       3      15
       0      15
       0      18
       3      18
       6      18
       9      18
      12      18
      15      18
      18      18
      21      18
      24      18
      27      18
      30      18
      33      18
      36      18
      39      18
      42      18
      45      18
      48      18
      51      18
      54      18
      57      18
      60      18
      63      18
      66      18
      69      18
      72      18
      75      18
      78      18
      81      18
      84      18
      87      18
      90      18
      93      18
      96      18
      99      18
     102      18
     105      18
     108      18
     111      18
     114      18
     117      18
     120      18
     123      18
     126      18
     129      18
     132      18
     135      18
     138      18
     141      18
     144      18
     147      18
     150      18
     153      18
     156      18
     159      18
     162      18
     165      18
     168      18
     171      18
     174      18
     177      18
     180      18
     183      18
     186      18
     189      18
     192      18
     195      18
     198      18
     198      21
     195      21
     192      21
     189      21
     186      21
     183      21
     180      21
     177      21
     174      21
     171      21
     168      21
     165      21
     162      21
     159      21
     156      21
     153      21
     150      21
     147      21
     144      21
     141      21
     138      21
     135      21
     132      21
     129      21
     126      21
     123      21
     120      21
     117      21
     114      21
     111      21
     108      21
     105      21
     102      21
      99      21
      96      21
      93      21
      90      21
      87      21
      84      21
      81      21
      78      21
      75      21
      72      21
      69      21
      66      21
      63      21
      60      21
      57      21
      54      21
      51      21
      48      21
      45      21
      42      21
      39      21
      36      21
      33      21
      30      21
      27      21
      24      21
      21      21
      18      21
      15      21
      12      21
       9      21
       6      21
       3      21
       0      21
       0      24
       3      24
       6      24
       9      24
      12      24
      15      24
      18      24
      21      24
      24      24
      27      24
      30      24
      33      24
      36      24
      39      24
      42      24
      45      24
      48      24
      51      24
      54      24
      57      24
      60      24
      63      24
      66      24
      69      24
      72      24
      75      24
      78      24
      81      24
      84      24
      87      24
      90      24
      93      24
      96      24
      99      24
     102      24
     105      24
     108      24
     111      24
     114      24
     117      24
     120      24
     123      24
     126      24
     129      24
     132      24
     135      24
     138      24
     141      24
     144      24
     147      24
     150      24
     153      24
     156      24
     159      24
     162      24
     165      24
     168      24
     171      24
     174      24
     177      24
     180      24
     183      24
     186      24
     189      24
     192      24
     195      24
     198      24
     198      27
     195      27
     192      27
     189      27
     186      27
     183      27
     180      27
     177      27
     174      27
     171      27
     168      27
     165      27
     162      27
     159      27
     156      27
     153      27
     150      27
     147      27
     144      27
     141      27
     138      27
     135      27
     132      27
     129      27
     126      27
     123      27
     120      27
     117      27
     114      27
     111      27
     108      27
     105      27
     102      27
      99      27
      96      27
      93      27
      90      27
      87      27
      84      27
      81      27
      78      27
      75      27
      72      27
      69      27
      66      27
      63      27
      60      27
      57      27
      54      27
      51      27
      48      27
      45      27
      42      27
      39      27
      36      27
      33      27
      30      27
      27      27
      24      27
      21      27
      18      27
      15      27
      12      27
       9      27
       6      27
       3      27
       0      27
       0      30
       3      30
       6      30
       9      30
      12      30
      15      30
      18      30
      21      30
      24      30
      27      30
      30      30
      33      30
      36      30
      39      30
      42      30
      45      30
      48      30
      51      30
      54      30
      57      30
      60      30
      63      30
      66      30
      69      30
      72      30
      75      30
      78      30
      81      30
      84      30
      87      30
      90      30
      93      30
      96      30
      99      30
     102      30
     105      30
     108      30
     111      30
     114      30
     117      30
     120      30
     123      30
     126      30
     129      30
     132      30
     135      30
     138      30
     141      30
     144      30
     147      30
     150      30
     153      30
     156      30
     159      30
     162      30
     165      30
     168      30
     171      30
     174      30
     177      30
     180      30
     183      30
     186      30
     189      30
     192      30
     195      30
     198      30
     198      33
     195      33
     192      33
     189      33
     186      33
     183      33
     180      33
     177      33
     174      33
     171      33
     168      33
     165      33
     162      33
     159      33
     156      33
     153      33
     150      33
     147      33
     144      33
     141      33
     138      33
     135      33
     132      33
     129      33
     126      33
     123      33
     120      33
     117      33
     114      33
     111      33
     108      33
     105      33
     102      33
      99      33
      96      33
      93      33
      90      33
      87      33
      84      33
      81      33
      78      33
      75      33
      72      33
      69      33
      66      33
      63      33
      60      33
      57      33
      54      33
      51      33
      48      33
      45      33
      42      33
      39      33
      36      33
      33      33
      30      33
      27      33
      24      33
      21      33
      18      33
      15      33
      12      33
       9      33
       6      33
       3      33
       0      33
       0      36
       3      36
       6      36
       9      36
      12      36
      15      36
      18      36
      21      36
      24      36
      27      36
      30      36
      33      36
      36      36
      39      36
      42      36
      45      36
      48      36
      51      36
      54      36
      57      36
      60      36
      63      36
      66      36
      69      36
      72      36
      75      36
      78      36
      81      36
      84      36
      87      36
      90      36
      93      36
      96      36
      99      36
     102      36
     105      36
     108      36
     111      36
     114      36
     117      36
     120      36
     123      36
     126      36
     129      36
     132      36
     135      36
     138      36
     141      36
     144      36
     147      36
     150      36
     153      36
     156      36
     159      36
     162      36
     165      36
     168      36
     171      36
     174      36
     177      36
     180      36
     183      36
     186      36
     189      36
     192      36
     195      36
     198      36
     198      39
     195      39
     192      39
     189      39
     186      39
     183      39
     180      39
     177      39
     174      39
     171      39
     168      39
     165      39
     162      39
     159      39
     156      39
     153      39
     150      39
     147      39
     144      39
     141      39
     138      39
     135      39
     132      39
     129      39
     126      39
     123      39
     120      39
     117      39
     114      39
     111      39
     108      39
     105      39
     102      39
      99      39
      96      39
      93      39
      90      39
      87      39
      84      39
      81      39
      78      39
      75      39
      72      39
      69      39
      66      39
      63      39
      60      39
      57      39
      54      39
      51      39
      48      39
      45      39
      42      39
      39      39
      36      39
      33      39
      30      39
      27      39
      24      39
      21      39
      18      39
      15      39
      12      39
       9      39
       6      39
       3      39
       0      39
       0      42
       3      42
       6      42
       9      42
      12      42
      15      42
      18      42
      21      42
      24      42
      27      42
      30      42
      33      42
      36      42
      39      42
      42      42
      45      42
      48      42
      51      42
      54      42
      57      42
      60      42
      63      42
      66      42
      69      42
      72      42
      75      42
      78      42
      81      42
      84      42
      87      42
      90      42
      93      42
      96      42
      99      42
     102      42
     105      42
     108      42
     111      42
     114      42
     117      42
     120      42
     123      42
     126      42
     129      42
     132      42
     135      42
     138      42
     141      42
     144      42
     147      42
     150      42
     153      42
     156      42
     159      42
     162      42
     165      42
     168      42
     171      42
     174      42
     177      42
     180      42
     183      42
     186      42
     189      42
     192      42
     195      42
     198      42
     198      45
     195      45
     192      45
     189      45
     186      45
     183      45
     180      45
     177      45
     174      45
     171      45
     168      45
     165      45
     162      45
     159      45
     156      45
     153      45
     150      45
     147      45
     144      45
     141      45
     138      45
     135      45
     132      45
     129      45
     126      45
     123      45
     120      45
     117      45
     114      45
     111      45
     108      45
     105      45
     102      45
      99      45
      96      45
      93      45
      90      45
      87      45
      84      45
      81      45
      78      45
      75      45
      72      45
      69      45
      66      45
      63      45
      60      45
      57      45
      54      45
      51      45
      48      45
      45      45
      42      45
      39      45
      36      45
      33      45
      30      45
      27      45
      24      45
      21      45
      18      45
      15      45
      12      45
       9      45
       6      45
       3      45
       0      45
       0      48
       3      48
       6      48
       9      48
      12      48
      15      48
      18      48
      21      48
      24      48
      27      48
      30      48
      33      48
      36      48
      39      48
      42      48
      45      48
      48      48
      51      48
      54      48
      57      48
      60      48
      63      48
      66      48
      69      48
      72      48
      75      48
      78      48
      81      48
      84      48
      87      48
      90      48
      93      48
      96      48
      99      48
     102      48
     105      48
     108      48
     111      48
     114      48
     117      48
     120      48
     123      48
     126      48
     129      48
     132      48
     135      48
     138      48
     141      48
     144      48
     147      48
     150      48
     153      48
     156      48
     159      48
     162      48
     165      48
     168      48
     171      48
     174      48
     177      48
     180      48
     183      48
     186      48
     189      48
     192      48
     195      48
     198      48
     198      51
     195      51
     192      51
     189      51
     186      51
     183      51
     180      51
     177      51
     174      51
     171      51
     168      51
     165      51
     162      51
     159      51
     156      51
     153      51
     150      51
     147      51
     144      51
     141      51
     138      51
     135      51
     132      51
     129      51
     126      51
     123      51
     120      51
     117      51
     114      51
     111      51
     108      51
     105      51
     102      51
      99      51
      96      51
      93      51
      90      51
      87      51
      84      51
      81      51
      78      51
      75      51
      72      51
      69      51
      66      51
      63      51
      60      51
      57      51
      54      51
      51      51
      48      51
      45      51
      42      51
      39      51
      36      51
      33      51
      30      51
      27      51
      24      51
      21      51
      18      51
      15      51
      12      51
       9      51
       6      51
       3      51
       0      51
       0      54
       3      54
       6      54
       9      54
      12      54
      15      54
      18      54
      21      54
      24      54
      27      54
      30      54
      33      54
      36      54
      39      54
      42      54
      45      54
      48      54
      51      54
      54      54
      57      54
      60      54
      63      54
      66      54
      69      54
      72      54
      75      54
      78      54
      81      54
      84      54
      87      54
      90      54
      93      54
      96      54
      99      54
     102      54
     105      54
     108      54
     111      54
     114      54
     117      54
     120      54
     123      54
     126      54
     129      54
     132      54
     135      54
     138      54
     141      54
     144      54
     147      54
     150      54
     153      54
     156      54
     159      54
     162      54
     165      54
     168      54
     171      54
     174      54
     177      54
     180      54
     183      54
     186      54
     189      54
     192      54
     195      54
     198      54
     198      57
     195      57
     192      57
     189      57
     186      57
     183      57
     180      57
     177      57
     174      57
     171      57
     168      57
     165      57
     162      57
     159      57
     156      57
     153      57
     150      57
     147      57
     144      57
     141      57
     138      57
     135      57
     132      57
     129      57
     126      57
     123      57
     120      57
     117      57
     114      57
     111      57
     108      57
     105      57
     102      57
      99      57
      96      57
      93      57
      90      57
      87      57
      84      57
      81      57
      78      57
      75      57
      72      57
      69      57
      66      57
      63      57
      60      57
      57      57
      54      57
      51      57
      48      57
      45      57
      42      57
      39      57
      36      57
      33      57
      30      57
      27      57
      24      57
      21      57
      18      57
      15      57
      12      57
       9      57
       6      57
       3      57
       0      57
       0      60
       3      60
       6      60
       9      60
      12      60
      15      60
      18      60
      21      60
      24      60
      27      60
      30      60
      33      60
      36      60
      39      60
      42      60
      45      60
      48      60
      51      60
      54      60
      57      60
      60      60
      63      60
      66      60
      69      60
      72      60
      75      60
      78      60
      81      60
      84      60
      87      60
      90      60
      93      60
      96      60
      99      60
     102      60
     105      60
     108      60
     111      60
     114      60
     117      60
     120      60
     123      60
     126      60
     129      60
     132      60
     135      60
     138      60
     141      60
     144      60
     147      60
     150      60
     153      60
     156      60
     159      60
     162      60
     165      60
     168      60
     171      60
     174      60
     177      60
     180      60
     183      60
     186      60
     189      60
     192      60
     195      60
     198      60
     198      63
     195      63
     192      63
     189      63
     186      63
     183      63
     180      63
     177      63
     174      63
     171      63
     168      63
     165      63
     162      63
     159      63
     156      63
     153      63
     150      63
     147      63
     144      63
     141      63
     138      63
     135      63
     132      63
     129      63
     126      63
     123      63
     120      63
     117      63
     114      63
     111      63
     108      63
     105      63
     102      63
      99      63
      96      63
      93      63
      90      63
      87      63
      84      63
      81      63
      78      63
      75      63
      72      63
      69      63
      66      63
      63      63
      60      63
      57      63
      54      63
      51      63
      48      63
      45      63
      42      63
      39      63
      36      63
      33      63
      30      63
      27      63
      24      63
      21      63
      18      63
      15      63
      12      63
       9      63
       6      63
       3      63
       0      63
       0      66
       3      66
       6      66
       9      66
      12      66
      15      66
      18      66
      21      66
      24      66
      27      66
      30      66
      33      66
      36      66
      39      66
      42      66
      45      66
      48      66
      51      66
      54      66
      57      66
      60      66
      63      66
      66      66
      69      66
      72      66
      75      66
      78      66
      81      66
      84      66
      87      66
      90      66
      93      66
      96      66
      99      66
     102      66
     105      66
     108      66
     111      66
     114      66
     117      66
     120      66
     123      66
     126      66
     129      66
     132      66
     135      66
     138      66
     141      66
     144      66
     147      66
     150      66
     153      66
     156      66
     159      66
     162      66
     165      66
     168      66
     171      66
     174      66
     177      66
     180      66
     183      66
     186      66
     189      66
     192      66
     195      66
     198      66
     198      69
     195      69
     192      69
     189      69
     186      69
     183      69
     180      69
     177      69
     174      69
     171      69
     168      69
     165      69
     162      69
     159      69
     156      69
     153      69
     150      69
     147      69
     144      69
     141      69
     138      69
     135      69
     132      69
     129      69
     126      69
     123      69
     120      69
     117      69
     114      69
     111      69
     108      69
     105      69
     102      69
      99      69
      96      69
      93      69
      90      69
      87      69
      84      69
      81      69
      78      69
      75      69
      72      69
      69      69
      66      69
      63      69
      60      69
      57      69
      54      69
      51      69
      48      69
      45      69
      42      69
      39      69
      36      69
      33      69
      30      69
      27      69
      24      69
      21      69
      18      69
      15      69
      12      69
       9      69
       6      69
       3      69
       0      69
       0      72
       3      72
       6      72
       9      72
      12      72
      15      72
      18      72
      21      72
      24      72
      27      72
      30      72
      33      72
      36      72
      39      72
      42      72
      45      72
      48      72
      51      72
      54      72
      57      72
      60      72
      63      72
      66      72
      69      72
      72      72
      75      72
      78      72
      81      72
      84      72
      87      72
      90      72
      93      72
      96      72
      99      72
     102      72
     105      72
     108      72
     111      72
     114      72
     117      72
     120      72
     123      72
     126      72
     129      72
     132      72
     135      72
     138      72
     141      72
     144      72
     147      72
     150      72
     153      72
     156      72
     159      72
     162      72
     165      72
     168      72
     171      72
     174      72
     177      72
     180      72
     183      72
     186      72
     189      72
     192      72
     195      72
     198      72
     198      75
     195      75
     192      75
     189      75
     186      75
     183      75
     180      75
     177      75
     174      75
     171      75
     168      75
     165      75
     162      75
     159      75
     156      75
     153      75
     150      75
     147      75
     144      75
     141      75
     138      75
     135      75
     132      75
     129      75
     126      75
     123      75
     120      75
     117      75
     114      75
     111      75
     108      75
     105      75
     102      75
      99      75
      96      75
      93      75
      90      75
      87      75
      84      75
      81      75
      78      75
      75      75
      72      75
      69      75
      66      75
      63      75
      60      75
      57      75
      54      75
      51      75
      48      75
      45      75
      42      75
      39      75
      36      75
      33      75
      30      75
      27      75
      24      75
      21      75
      18      75
      15      75
      12      75
       9      75
       6      75
       3      75
       0      75
       0      78
       3      78
       6      78
       9      78
      12      78
      15      78
      18      78
      21      78
      24      78
      27      78
      30      78
      33      78
      36      78
      39      78
      42      78
      45      78
      48      78
      51      78
      54      78
      57      78
      60      78
      63      78
      66      78
      69      78
      72      78
      75      78
      78      78
      81      78
      84      78
      87      78
      90      78
      93      78
      96      78
      99      78
     102      78
     105      78
     108      78
     111      78
     114      78
     117      78
     120      78
     123      78
     126      78
     129      78
     132      78
     135      78
     138      78
     141      78
     144      78
     147      78
     150      78
     153      78
     156      78
     159      78
     162      78
     165      78
     168      78
     171      78
     174      78
     177      78
     180      78
     183      78
     186      78
     189      78
     192      78
     195      78
     198      78
     198      81
     195      81
     192      81
     189      81
     186      81
     183      81
     180      81
     177      81
     174      81
     171      81
     168      81
     165      81
     162      81
     159      81
     156      81
     153      81
     150      81
     147      81
     144      81
     141      81
     138      81
     135      81
     132      81
     129      81
     126      81
     123      81
     120      81
     117      81
     114      81
     111      81
     108      81
     105      81
     102      81
      99      81
      96      81
      93      81
      90      81
      87      81
      84      81
      81      81
      78      81
      75      81
      72      81
      69      81
      66      81
      63      81
      60      81
      57      81
      54      81
      51      81
      48      81
      45      81
      42      81
      39      81
      36      81
      33      81
      30      81
      27      81
      24      81
      21      81
      18      81
      15      81
      12      81
       9      81
       6      81
       3      81
       0      81
       0      84
       3      84
       6      84
       9      84
      12      84
      15      84
      18      84
      21      84
      24      84
      27      84
      30      84
      33      84
      36      84
      39      84
      42      84
      45      84
      48      84
      51      84
      54      84
      57      84
      60      84
      63      84
      66      84
      69      84
      72      84
      75      84
      78      84
      81      84
      84      84
      87      84
      90      84
      93      84
      96      84
      99      84
     102      84
     105      84
     108      84
     111      84
     114      84
     117      84
     120      84
     123      84
     126      84
     129      84
     132      84
     135      84
     138      84
     141      84
     144      84
     147      84
     150      84
     153      84
     156      84
     159      84
     162      84
     165      84
     168      84
     171      84
     174      84
     177      84
     180      84
     183      84
     186      84
     189      84
     192      84
     195      84
     198      84
     198      87
     195      87
     192      87
     189      87
     186      87
     183      87
     180      87
     177      87
     174      87
     171      87
     168      87
     165      87
     162      87
     159      87
     156      87
     153      87
     150      87
     147      87
     144      87
     141      87
     138      87
     135      87
     132      87
     129      87
     126      87
     123      87
     120      87
     117      87
     114      87
     111      87
     108      87
     105      87
     102      87
      99      87
      96      87
      93      87
      90      87
      87      87
      84      87
      81      87
      78      87
      75      87
      72      87
      69      87
      66      87
      63      87
      60      87
      57      87
      54      87
      51      87
      48      87
      45      87
      42      87
      39      87
      36      87
      33      87
      30      87
      27      87
      24      87
      21      87
      18      87
      15      87
      12      87
       9      87
       6      87
       3      87
       0      87
       0      90
       3      90
       6      90
       9      90
      12      90
      15      90
      18      90
      21      90
      24      90
      27      90
      30      90
      33      90
      36      90
      39      90
      42      90
      45      90
      48      90
      51      90
      54      90
      57      90
      60      90
      63      90
      66      90
      69      90
      72      90
      75      90
      78      90
      81      90
      84      90
      87      90
      90      90
      93      90
      96      90
      99      90
     102      90
     105      90
     108      90
     111      90
     114      90
     117      90
     120      90
     123      90
     126      90
     129      90
     132      90
     135      90
     138      90
     141      90
     144      90
     147      90
     150      90
     153      90
     156      90
     159      90
     162      90
     165      90
     168      90
     171      90
     174      90
     177      90
     180      90
     183      90
     186      90
     189      90
     192      90
     195      90
     198      90
     198      93
     195      93
     192      93
     189      93
     186      93
     183      93
     180      93
     177      93
     174      93
     171      93
     168      93
     165      93
     162      93
     159      93
     156      93
     153      93
     150      93
     147      93
     144      93
     141      93
     138      93
     135      93
     132      93
     129      93
     126      93
     123      93
     120      93
     117      93
     114      93
     111      93
     108      93
     105      93
     102      93
      99      93
      96      93
      93      93
      90      93
      87      93
      84      93
      81      93
      78      93
      75      93
      72      93
      69      93
      66      93
      63      93
      60      93
      57      93
      54      93
      51      93
      48      93
      45      93
      42      93
      39      93
      36      93
      33      93
      30      93
      27      93
      24      93
      21      93
      18      93
      15      93
      12      93
       9      93
       6      93
       3      93
       0      93
       0      96
       3      96
       6      96
       9      96
      12      96
      15      96
      18      96
      21      96
      24      96
      27      96
      30      96
      33      96
      36      96
      39      96
      42      96
      45      96
      48      96
      51      96
      54      96
      57      96
      60      96
      63      96
      66      96
      69      96
      72      96
      75      96
      78      96
      81      96
      84      96
      87      96
      90      96
      93      96
      96      96
      99      96
     102      96
     105      96
     108      96
     111      96
     114      96
     117      96
     120      96
     123      96
     126      96
     129      96
     132      96
     135      96
     138      96
     141      96
     144      96
     147      96
     150      96
     153      96
     156      96
     159      96
     162      96
     165      96
     168      96
     171      96
     174      96
     177      96
     180      96
     183      96
     186      96
     189      96
     192      96
     195      96
     198      96
     198      99
     195      99
     192      99
     189      99
     186      99
     183      99
     180      99
     177      99
     174      99
     171      99
     168      99
     165      99
     162      99
     159      99
     156      99
     153      99
     150      99
     147      99
     144      99
     141      99
     138      99
     135      99
     132      99
     129      99
     126      99
     123      99
     120      99
     117      99
     114      99
     111      99
     108      99
     105      99
     102      99
      99      99
      96      99
      93      99
      90      99
      87      99
      84      99
      81      99
      78      99
      75      99
      72      99
      69      99
      66      99
      63      99
      60      99
      57      99
      54      99
      51      99
      48      99
      45      99
      42      99
      39      99
      36      99
      33      99
      30      99
      27      99
      24      99
      21      99
      18      99
      15      99
      12      99
       9      99
       6      99
       3      99
       0      99
       0     102
       3     102
       6     102
       9     102
      12     102
      15     102
      18     102
      21     102
      24     102
      27     102
      30     102
      33     102
      36     102
      39     102
      42     102
      45     102
      48     102
      51     102
      54     102
      57     102
      60     102
      63     102
      66     102
      69     102
      72     102
      75     102
      78     102
      81     102
      84     102
      87     102
      90     102
      93     102
      96     102
      99     102
     102     102
     105     102
     108     102
     111     102
     114     102
     117     102
     120     102
     123     102
     126     102
     129     102
     132     102
     135     102
     138     102
     141     102
     144     102
     147     102
     150     102
     153     102
     156     102
     159     102
     162     102
     165     102
     168     102
     171     102
     174     102
     177     102
     180     102
     183     102
     186     102
     189     102
     192     102
     195     102
     198     102
     198     105
     195     105
     192     105
     189     105
     186     105
     183     105
     180     105
     177     105
     174     105
     171     105
     168     105
     165     105
     162     105
     159     105
     156     105
     153     105
     150     105
     147     105
     144     105
     141     105
     138     105
     135     105
     132     105
     129     105
     126     105
     123     105
     120     105
     117     105
     114     105
     111     105
     108     105
     105     105
     102     105
      99     105
      96     105
      93     105
      90     105
      87     105
      84     105
      81     105
      78     105
      75     105
      72     105
      69     105
      66     105
      63     105
      60     105
      57     105
      54     105
      51     105
      48     105
      45     105
      42     105
      39     105
      36     105
      33     105
      30     105
      27     105
      24     105
      21     105
      18     105
      15     105
      12     105
       9     105
       6     105
       3     105
       0     105
       0     108
       3     108
       6     108
       9     108
      12     108
      15     108
      18     108
      21     108
      24     108
      27     108
      30     108
      33     108
      36     108
      39     108
      42     108
      45     108
      48     108
      51     108
      54     108
      57     108
      60     108
      63     108
      66     108
      69     108
      72     108
      75     108
      78     108
      81     108
      84     108
      87     108
      90     108
      93     108
      96     108
      99     108
     102     108
     105     108
     108     108
     111     108
     114     108
     117     108
     120     108
     123     108
     126     108
     129     108
     132     108
     135     108
     138     108
     141     108
     144     108
     147     108
     150     108
     153     108
     156     108
     159     108
     162     108
     165     108
     168     108
     171     108
     174     108
     177     108
     180     108
     183     108
     186     108
     189     108
     192     108
     195     108
     198     108
     198     111
     195     111
     192     111
     189     111
     186     111
     183     111
     180     111
     177     111
     174     111
     171     111
     168     111
     165     111
     162     111
     159     111
     156     111
     153     111
     150     111
     147     111
     144     111
     141     111
     138     111
     135     111
     132     111
     129     111
     126     111
     123     111
     120     111
     117     111
     114     111
     111     111
     108     111
     105     111
     102     111
      99     111
      96     111
      93     111
      90     111
      87     111
      84     111
      81     111
      78     111
      75     111
      72     111
      69     111
      66     111
      63     111
      60     111
      57     111
      54     111
      51     111
      48     111
      45     111
      42     111
      39     111
      36     111
      33     111
      30     111
      27     111
      24     111
      21     111
      18     111
      15     111
      12     111
       9     111
       6     111
       3     111
       0     111
       0     114
       3     114
       6     114
       9     114
      12     114
      15     114
      18     114
      21     114
      24     114
      27     114
      30     114
      33     114
      36     114
      39     114
      42     114
      45     114
      48     114
      51     114
      54     114
      57     114
      60     114
      63     114
      66     114
      69     114
      72     114
      75     114
      78     114
      81     114
      84     114
      87     114
      90     114
      93     114
      96     114
      99     114
     102     114
     105     114
     108     114
     111     114
     114     114
     117     114
     120     114
     123     114
     126     114
     129     114
     132     114
     135     114
     138     114
     141     114
     144     114
     147     114
     150     114
     153     114
     156     114
     159     114
     162     114
     165     114
     168     114
     171     114
     174     114
     177     114
     180     114
     183     114
     186     114
     189     114
     192     114
     195     114
     198     114
     198     117
     195     117
     192     117
     189     117
     186     117
     183     117
     180     117
     177     117
     174     117
     171     117
     168     117
     165     117
     162     117
     159     117
     156     117
     153     117
     150     117
     147     117
     144     117
     141     117
     138     117
     135     117
     132     117
     129     117
     126     117
     123     117
     120     117
     117     117
     114     117
     111     117
     108     117
     105     117
     102     117
      99     117
      96     117
      93     117
      90     117
      87     117
      84     117
      81     117
      78     117
      75     117
      72     117
      69     117
      66     117
      63     117
      60     117
      57     117
      54     117
      51     117
      48     117
      45     117
      42     117
      39     117
      36     117
      33     117
      30     117
      27     117
      24     117
      21     117
      18     117
      15     117
      12     117
       9     117
       6     117
       3     117
       0     117
       0     120
       3     120
       6     120
       9     120
      12     120
      15     120
      18     120
      21     120
      24     120
      27     120
      30     120
      33     120
      36     120
      39     120
      42     120
      45     120
      48     120
      51     120
      54     120
      57     120
      60     120
      63     120
      66     120
      69     120
      72     120
      75     120
      78     120
      81     120
      84     120
      87     120
      90     120
      93     120
      96     120
      99     120
     102     120
     105     120
     108     120
     111     120
     114     120
     117     120
     120     120
     123     120
     126     120
     129     120
     132     120
     135     120
     138     120
     141     120
     144     120
     147     120
     150     120
     153     120
     156     120
     159     120
     162     120
     165     120
     168     120
     171     120
     174     120
     177     120
     180     120
     183     120
     186     120
     189     120
     192     120
     195     120
     198     120
     198     123
     195     123
     192     123
     189     123
     186     123
     183     123
     180     123
     177     123
     174     123
     171     123
     168     123
     165     123
     162     123
     159     123
     156     123
     153     123
     150     123
     147     123
     144     123
     141     123
     138     123
     135     123
     132     123
     129     123
     126     123
     123     123
     120     123
     117     123
     114     123
     111     123
     108     123
     105     123
     102     123
      99     123
      96     123
      93     123
      90     123
      87     123
      84     123
      81     123
      78     123
      75     123
      72     123
      69     123
      66     123
      63     123
      60     123
      57     123
      54     123
      51     123
      48     123
      45     123
      42     123
      39     123
      36     123
      33     123
      30     123
      27     123
      24     123
      21     123
      18     123
      15     123
      12     123
       9     123
       6     123
       3     123
       0     123
       0     126
       3     126
       6     126
       9     126
      12     126
      15     126
      18     126
      21     126
      24     126
      27     126
      30     126
      33     126
      36     126
      39     126
      42     126
      45     126
      48     126
      51     126
      54     126
      57     126
      60     126
      63     126
      66     126
      69     126
      72     126
      75     126
      78     126
      81     126
      84     126
      87     126
      90     126
      93     126
      96     126
      99     126
     102     126
     105     126
     108     126
     111     126
     114     126
     117     126
     120     126
     123     126
     126     126
     129     126
     132     126
     135     126
     138     126
     141     126
     144     126
     147     126
     150     126
     153     126
     156     126
     159     126
     162     126
     165     126
     168     126
     171     126
     174     126
     177     126
     180     126
     183     126
     186     126
     189     126
     192     126
     195     126
     198     126
     198     129
     195     129
     192     129
     189     129
     186     129
     183     129
     180     129
     177     129
     174     129
     171     129
     168     129
     165     129
     162     129
     159     129
     156     129
     153     129
     150     129
     147     129
     144     129
     141     129
     138     129
     135     129
     132     129
     129     129
     126     129
     123     129
     120     129
     117     129
     114     129
     111     129
     108     129
     105     129
     102     129
      99     129
      96     129
      93     129
      90     129
      87     129
      84     129
      81     129
      78     129
      75     129
      72     129
      69     129
      66     129
      63     129
      60     129
      57     129
      54     129
      51     129
      48     129
      45     129
      42     129
      39     129
      36     129
      33     129
      30     129
      27     129
      24     129
      21     129
      18     129
      15     129
      12     129
       9     129
       6     129
       3     129
       0     129
       0     132
       3     132
       6     132
       9     132
      12     132
      15     132
      18     132
      21     132
      24     132
      27     132
      30     132
      33     132
      36     132
      39     132
      42     132
      45     132
      48     132
      51     132
      54     132
      57     132
      60     132
      63     132
      66     132
      69     132
      72     132
      75     132
      78     132
      81     132
      84     132
      87     132
      90     132
      93     132
      96     132
      99     132
     102     132
     105     132
     108     132
     111     132
     114     132
     117     132
     120     132
     123     132
     126     132
     129     132
     132     132
     135     132
     138     132
     141     132
     144     132
     147     132
     150     132
     153     132
     156     132
     159     132
     162     132
     165     132
     168     132
     171     132
     174     132
     177     132
     180     132
     183     132
     186     132
     189     132
     192     132
     195     132
     198     132
     198     135
     195     135
     192     135
     189     135
     186     135
     183     135
     180     135
     177     135
     174     135
     171     135
     168     135
     165     135
     162     135
     159     135
     156     135
     153     135
     150     135
     147     135
     144     135
     141     135
     138     135
     135     135
     132     135
     129     135
     126     135
     123     135
     120     135
     117     135
     114     135
     111     135
     108     135
     105     135
     102     135
      99     135
      96     135
      93     135
      90     135
      87     135
      84     135
      81     135
      78     135
      75     135
      72     135
      69     135
      66     135
      63     135
      60     135
      57     135
      54     135
      51     135
      48     135
      45     135
      42     135
      39     135
      36     135
      33     135
      30     135
      27     135
      24     135
      21     135
      18     135
      15     135
      12     135
       9     135
       6     135
       3     135
       0     135
       0     138
       3     138
       6     138
       9     138
      12     138
      15     138
      18     138
      21     138
      24     138
      27     138
      30     138
      33     138
      36     138
      39     138
      42     138
      45     138
      48     138
      51     138
      54     138
      57     138
      60     138
      63     138
      66     138
      69     138
      72     138
      75     138
      78     138
      81     138
      84     138
      87     138
      90     138
      93     138
      96     138
      99     138
     102     138
     105     138
     108     138
     111     138
     114     138
     117     138
     120     138
     123     138
     126     138
     129     138
     132     138
     135     138
     138     138
     141     138
     144     138
     147     138
     150     138
     153     138
     156     138
     159     138
     162     138
     165     138
     168     138
     171     138
     174     138
     177     138
     180     138
     183     138
     186     138
     189     138
     192     138
     195     138
     198     138
     198     141
     195     141
     192     141
     189     141
     186     141
     183     141
     180     141
     177     141
     174     141
     171     141
     168     141
     165     141
     162     141
     159     141
     156     141
     153     141
     150     141
     147     141
     144     141
     141     141
     138     141
     135     141
     132     141
     129     141
     126     141
     123     141
     120     141
     117     141
     114     141
     111     141
     108     141
     105     141
     102     141
      99     141
      96     141
      93     141
      90     141
      87     141
      84     141
      81     141
      78     141
      75     141
      72     141
      69     141
      66     141
      63     141
      60     141
      57     141
      54     141
      51     141
      48     141
      45     141
      42     141
      39     141
      36     141
      33     141
      30     141
      27     141
      24     141
      21     141
      18     141
      15     141
      12     141
       9     141
       6     141
       3     141
       0     141
       0     144
       3     144
       6     144
       9     144
      12     144
      15     144
      18     144
      21     144
      24     144
      27     144
      30     144
      33     144
      36     144
      39     144
      42     144
      45     144
      48     144
      51     144
      54     144
      57     144
      60     144
      63     144
      66     144
      69     144
      72     144
      75     144
      78     144
      81     144
      84     144
      87     144
      90     144
      93     144
      96     144
      99     144
     102     144
     105     144
     108     144
     111     144
     114     144
     117     144
     120     144
     123     144
     126     144
     129     144
     132     144
     135     144
     138     144
     141     144
     144     144
     147     144
     150     144
     153     144
     156     144
     159     144
     162     144
     165     144
     168     144
     171     144
     174     144
     177     144
     180     144
     183     144
     186     144
     189     144
     192     144
     195     144
     198     144
     198     147
     195     147
     192     147
     189     147
     186     147
     183     147
     180     147
     177     147
     174     147
     171     147
     168     147
     165     147
     162     147
     159     147
     156     147
     153     147
     150     147
     147     147
     144     147
     141     147
     138     147
     135     147
     132     147
     129     147
     126     147
     123     147
     120     147
     117     147
     114     147
     111     147
     108     147
     105     147
     102     147
      99     147
      96     147
      93     147
      90     147
      87     147
      84     147
      81     147
      78     147
      75     147
      72     147
      69     147
      66     147
      63     147
      60     147
      57     147
      54     147
      51     147
      48     147
      45     147
      42     147
      39     147
      36     147
      33     147
      30     147
      27     147
      24     147
      21     147
      18     147
      15     147
      12     147
       9     147
       6     147
       3     147
       0     147
       0     150
       3     150
       6     150
       9     150
      12     150
      15     150
      18     150
      21     150
      24     150
      27     150
      30     150
      33     150
      36     150
      39     150
      42     150
      45     150
      48     150
      51     150
      54     150
      57     150
      60     150
      63     150
      66     150
      69     150
      72     150
      75     150
      78     150
      81     150
      84     150
      87     150
      90     150
      93     150
      96     150
      99     150
     102     150
     105     150
     108     150
     111     150
     114     150
     117     150
     120     150
     123     150
     126     150
     129     150
     132     150
     135     150
     138     150
     141     150
     144     150
     147     150
     150     150
     153     150
     156     150
     159     150
     162     150
     165     150
     168     150
     171     150
     174     150
     177     150
     180     150
     183     150
     186     150
     189     150
     192     150
     195     150
     198     150
     198     153
     195     153
     192     153
     189     153
     186     153
     183     153
     180     153
     177     153
     174     153
     171     153
     168     153
     165     153
     162     153
     159     153
     156     153
     153     153
     150     153
     147     153
     144     153
     141     153
     138     153
     135     153
     132     153
     129     153
     126     153
     123     153
     120     153
     117     153
     114     153
     111     153
     108     153
     105     153
     102     153
      99     153
      96     153
      93     153
      90     153
      87     153
      84     153
      81     153
      78     153
      75     153
      72     153
      69     153
      66     153
      63     153
      60     153
      57     153
      54     153
      51     153
      48     153
      45     153
      42     153
      39     153
      36     153
      33     153
      30     153
      27     153
      24     153
      21     153
      18     153
      15     153
      12     153
       9     153
       6     153
       3     153
       0     153
       0     156
       3     156
       6     156
       9     156
      12     156
      15     156
      18     156
      21     156
      24     156
      27     156
      30     156
      33     156
      36     156
      39     156
      42     156
      45     156
      48     156
      51     156
      54     156
      57     156
      60     156
      63     156
      66     156
      69     156
      72     156
      75     156
      78     156
      81     156
      84     156
      87     156
      90     156
      93     156
      96     156
      99     156
     102     156
     105     156
     108     156
     111     156
     114     156
     117     156
     120     156
     123     156
     126     156
     129     156
     132     156
     135     156
     138     156
     141     156
     144     156
     147     156
     150     156
     153     156
     156     156
     159     156
     162     156
     165     156
     168     156
     171     156
     174     156
     177     156
     180     156
     183     156
     186     156
     189     156
     192     156
     195     156
     198     156
     198     159
     195     159
     192     159
     189     159
     186     159
     183     159
     180     159
     177     159
     174     159
     171     159
     168     159
     165     159
     162     159
     159     159
     156     159
     153     159
     150     159
     147     159
     144     159
     141     159
     138     159
     135     159
     132     159
     129     159
     126     159
     123     159
     120     159
     117     159
     114     159
     111     159
     108     159
     105     159
     102     159
      99     159
      96     159
      93     159
      90     159
      87     159
      84     159
      81     159
      78     159
      75     159
      72     159
      69     159
      66     159
      63     159
      60     159
      57     159
      54     159
      51     159
      48     159
      45     159
      42     159
      39     159
      36     159
      33     159
      30     159
      27     159
      24     159
      21     159
      18     159
      15     159
      12     159
       9     159
       6     159
       3     159
       0     159
       0     162
       3     162
       6     162
       9     162
      12     162
      15     162
      18     162
      21     162
      24     162
      27     162
      30     162
      33     162

      39     162
      42     162
      45     162
      48     162
      51     162
      54     162
      57     162
      60     162
      63     162
      66     162
      69     162
      72     162
      75     162
      78     162
      81     162
      84     162
      87     162
      90     162
      93     162
      96     162
      99     162
     102     162
     105     162
     108     162
     111     162
     114     162
     117     162
     120     162
     123     162
     126     162
     129     162
     132     162
     135     162
     138     162
     141     162
     144     162
     147     162
     150     162
     153     162
     156     162
     159     162
     162     162
     165     162
     168     162
     171     162
     174     162
     177     162
     180     162
     183     162
     186     162
     189     162
     192     162
     195     162
     198     162
     198     165
     195     165
     192     165
     189     165
     186     165
     183     165
     180     165
     177     165
     174     165
     171     165
     168     165
     165     165
     162     165
     159     165
     156     165
     153     165
     150     165
     147     165
     144     165
     141     165
     138     165
     135     165
     132     165
     129     165
     126     165
     123     165
     120     165
     117     165
     114     165
     111     165
     108     165
     105     165
     102     165
      99     165
      96     165
      93     165
      90     165
      87     165
      84     165
      81     165
      78     165
      75     165
      72     165
      69     165
      66     165
      63     165
      60     165
      57     165
      54     165
      51     165
      48     165
      45     165
      42     165
      39     165
      36     165
      33     165
      30     165
      27     165
      24     165
      21     165
      18     165
      15     165
      12     165
       9     165
       6     165
       3     165
       0     165
       0     168
       3     168
       6     168
       9     168
      12     168
      15     168
      18     168
      21     168
      24     168
      27     168
      30     168
      33     168
      36     168
      39     168
      42     168
      45     168
      48     168
      51     168
      54     168
      57     168
      60     168
      63     168
      66     168
      69     168
      72     168
      75     168
      78     168
      81     168
      84     168
      87     168
      90     168
      93     168
      96     168
      99     168
     102     168
     105     168
     108     168
     111     168
     114     168
     117     168
     120     168
     123     168
     126     168
     129     168
     132     168
     135     168
     138     168
     141     168
     144     168
     147     168
     150     168
     153     168
     156     168
     159     168
     162     168
     165     168
     168     168
     171     168
     174     168
     177     168
     180     168
     183     168
     186     168
     189     168
     192     168
     195     168
     198     168
     198     171
     195     171
     192     171
     189     171
     186     171
     183     171
     180     171
     177     171
     174     171
     171     171
     168     171
     165     171
     162     171
     159     171
     156     171
     153     171
     150     171
     147     171
     144     171
     141     171
     138     171
     135     171
     132     171
     129     171
     126     171
     123     171
     120     171
     117     171
     114     171
     111     171
     108     171
     105     171
     102     171
      99     171
      96     171
      93     171
      90     171
      87     171
      84     171
      81     171
      78     171
      75     171
      72     171
      69     171
      66     171
      63     171
      60     171
      57     171
      54     171
      51     171
      48     171
      45     171
      42     171
      39     171
      36     171
      33     171
      30     171
      27     171
      24     171
      21     171
      18     171
      15     171
      12     171
       9     171
       6     171
       3     171
       0     171
       0     174
       3     174
       6     174
       9     174
      12     174
      15     174
      18     174
      21     174
      24     174
      27     174
      30     174
      33     174
      36     174
      39     174
      42     174
      45     174
      48     174
      51     174
      54     174
      57     174
      60     174
      63     174
      66     174
      69     174
      72     174
      75     174
      78     174
      81     174
      84     174
      87     174
      90     174
      93     174
      96     174
      99     174
     102     174
     105     174
     108     174
     111     174
     114     174
     117     174
     120     174
     123     174
     126     174
     129     174
     132     174
     135     174
     138     174
     141     174
     144     174
     147     174
     150     174
     153     174
     156     174
     159     174
     162     174
     165     174
     168     174
     171     174
     174     174
     177     174
     180     174
     183     174
     186     174
     189     174
     192     174
     195     174
     198     174
     198     177
     195     177
     192     177
     189     177
     186     177
     183     177
     180     177
     177     177
     174     177
     171     177
     168     177
     165     177
     162     177
     159     177
     156     177
     153     177
     150     177
     147     177
     144     177
     141     177
     138     177
     135     177
     132     177
     129     177
     126     177
     123     177
     120     177
     117     177
     114     177
     111     177
     108     177
     105     177
     102     177
      99     177
      96     177
      93     177
      90     177
      87     177
      84     177
      81     177
      78     177
      75     177
      72     177
      69     177
      66     177
      63     177
      60     177
      57     177
      54     177
      51     177
      48     177
      45     177
      42     177
      39     177
      36     177
      33     177
      30     177
      27     177
      24     177
      21     177
      18     177
      15     177
      12     177
       9     177
       6     177
       3     177
       0     177
       0     180
       3     180
       6     180
       9     180
      12     180
      15     180
      18     180
      21     180
      24     180
      27     180
      30     180
      33     180
      36     180
      39     180
      42     180
      45     180
      48     180
      51     180
      54     180
      57     180
      60     180
      63     180
      66     180
      69     180
      72     180
      75     180
      78     180
      81     180
      84     180
      87     180
      90     180
      93     180
      96     180
      99     180
     102     180
     105     180
     108     180
     111     180
     114     180
     117     180
     120     180
     123     180
     126     180
     129     180
     132     180
     135     180
     138     180
     141     180
     144     180
     147     180
     150     180
     153     180
     156     180
     159     180
     162     180
     165     180
     168     180
     171     180
     174     180
     177     180
     180     180
     183     180
     186     180
     189     180
     192     180
     195     180
     198     180
     198     183
     195     183
     192     183
     189     183
     186     183
     183     183
     180     183
     177     183
     174     183
     171     183
     168     183
     165     183
     162     183
     159     183
     156     183
     153     183
     150     183
     147     183
     144     183
     141     183
     138     183
     135     183
     132     183
     129     183
     126     183
     123     183
     120     183
     117     183
     114     183
     111     183
     108     183
     105     183
     102     183
      99     183
      96     183
      93     183
      90     183
      87     183
      84     183
      81     183
      78     183
      75     183
      72     183
      69     183
      66     183
      63     183
      60     183
      57     183
      54     183
      51     183
      48     183
      45     183
      42     183
      39     183
      36     183
      33     183
      30     183
      27     183
      24     183
      21     183
      18     183
      15     183
      12     183
       9     183
       6     183
       3     183
       0     183
       0     186
       3     186
       6     186
       9     186
      12     186
      15     186
      18     186
      21     186
      24     186
      27     186
      30     186
      33     186
      36     186
      39     186
      42     186
      45     186
      48     186
      51     186
      54     186
      57     186
      60     186
      63     186
      66     186
      69     186
      72     186
      75     186
      78     186
      81     186
      84     186
      87     186
      90     186
      93     186
      96     186
      99     186
     102     186
     105     186
     108     186
     111     186
     114     186
     117     186
     120     186
     123     186
     126     186
     129     186
     132     186
     135     186
     138     186
     141     186
     144     186
     147     186
     150     186
     153     186
     156     186
     159     186
     162     186
     165     186
     168     186
     171     186
     174     186
     177     186
     180     186
     183     186
     186     186
     189     186
     192     186
     195     186
     198     186
     198     189
     195     189
     192     189
     189     189
     186     189
     183     189
     180     189
     177     189
     174     189
     171     189
     168     189
     165     189
     162     189
     159     189
     156     189
     153     189
     150     189
     147     189
     144     189
     141     189
     138     189
     135     189
     132     189
     129     189
     126     189
     123     189
     120     189
     117     189
     114     189
     111     189
     108     189
     105     189
     102     189
      99     189
      96     189
      93     189
      90     189
      87     189
      84     189
      81     189
      78     189
      75     189
      72     189
      69     189
      66     189
      63     189
      60     189
      57     189
      54     189
      51     189
      48     189
      45     189
      42     189
      39     189
      36     189
      33     189
      30     189
      27     189
      24     189
      21     189
      18     189
      15     189
      12     189
       9     189
       6     189
       3     189
       0     189
       0     192
       3     192
       6     192
       9     192
      12     192
      15     192
      18     192
      21     192
      24     192
      27     192
      30     192
      33     192
      36     192
      39     192
      42     192
      45     192
      48     192
      51     192
      54     192
      57     192
      60     192
      63     192
      66     192
      69     192
      72     192
      75     192
      78     192
      81     192
      84     192
      87     192
      90     192
      93     192
      96     192
      99     192
     102     192
     105     192
     108     192
     111     192
     114     192
     117     192
     120     192
     123     192
     126     192
     129     192
     132     192
     135     192
     138     192
     141     192
     144     192
     147     192
     150     192
     153     192
     156     192
     159     192
     162     192
     165     192
     168     192
     171     192
     174     192
     177     192
     180     192
     183     192
     186     192
     189     192
     192     192
     195     192
     198     192
     198     195
     195     195
     192     195
     189     195
     186     195
     183     195
     180     195
     177     195
     174     195
     171     195
     168     195
     165     195
     162     195
     159     195
     156     195
     153     195
     150     195
     147     195
     144     195
     141     195
     138     195
     135     195
     132     195
     129     195
     126     195
     123     195
     120     195
     117     195
     114     195
     111     195
     108     195
     105     195
     102     195
      99     195
      96     195
      93     195
      90     195
      87     195
      84     195
      81     195
      78     195
      75     195
      72     195
      69     195
      66     195
      63     195
      60     195
      57     195
      54     195
      51     195
      48     195
      45     195
      42     195
      39     195
      36     195
      33     195
      30     195
      27     195
      24     195
      21     195
      18     195
      15     195
      12     195
       9     195
       6     195
       3     195
       0     195
       0     198
       3     198
       6     198
       9     198
      12     198
      15     198
      18     198
      21     198
      24     198
      27     198
      30     198
      33     198
      36     198
      39     198
      42     198
      45     198
      48     198
      51     198
      54     198
      57     198
      60     198
      63     198
      66     198
      69     198
      72     198
      75     198
      78     198
      81     198
      84     198
      87     198
      90     198
      93     198
      96     198
      99     198
     102     198
     105     198
     108     198
     111     198
     114     198
     117     198
     120     198
     123     198
     126     198
     129     198
     132     198
     135     198
     138     198
     141     198
     144     198
     147     198
     150     198
     153     198
     156     198
     159     198
     162     198
     165     198
     168     198
     171     198
     174     198
     177     198
     180     198
     183     198
     186     198
     189     198
     192     198
     195     198
     198     198
 